< 0:: null :: null> 
< 9:: 1 5 8 3 7 0 2 6 4  :: 1 5 8 3 0 7 2 6 4 > 
< 13:: 1 0 8 3 5 7 2 6 4  :: 1 5 8 3 0 7 2 6 4 > 
< 13:: 1 5 8 0 3 7 2 6 4  :: 1 5 8 3 0 7 2 6 4 > 
< 0:: null :: null> 
This is Openlist: 
This is Closelist: 
< 0:: null :: null> 
< 10:: 1 5 0 3 7 8 2 6 4  :: 1 5 8 3 7 0 2 6 4 > 
< 12:: 1 5 8 3 7 4 2 6 0  :: 1 5 8 3 7 0 2 6 4 > 
< 13:: 1 0 8 3 5 7 2 6 4  :: 1 5 8 3 0 7 2 6 4 > 
< 13:: 1 5 8 0 3 7 2 6 4  :: 1 5 8 3 0 7 2 6 4 > 
< 0:: null :: null> 
< 9:: 1 5 8 3 7 0 2 6 4  :: 1 5 8 3 0 7 2 6 4 > 
This is Openlist: 
This is Closelist: 
< 0:: null :: null> 
< 11:: 1 0 5 3 7 8 2 6 4  :: 1 5 0 3 7 8 2 6 4 > 
< 12:: 1 5 8 3 7 4 2 6 0  :: 1 5 8 3 7 0 2 6 4 > 
< 13:: 1 0 8 3 5 7 2 6 4  :: 1 5 8 3 0 7 2 6 4 > 
< 13:: 1 5 8 0 3 7 2 6 4  :: 1 5 8 3 0 7 2 6 4 > 
< 0:: null :: null> 
< 10:: 1 5 0 3 7 8 2 6 4  :: 1 5 8 3 7 0 2 6 4 > 
< 9:: 1 5 8 3 7 0 2 6 4  :: 1 5 8 3 0 7 2 6 4 > 
This is Openlist: 
This is Closelist: 
< 0:: null :: null> 
< 12:: 0 1 5 3 7 8 2 6 4  :: 1 0 5 3 7 8 2 6 4 > 
< 12:: 1 7 5 3 0 8 2 6 4  :: 1 0 5 3 7 8 2 6 4 > 
< 12:: 1 5 8 3 7 4 2 6 0  :: 1 5 8 3 7 0 2 6 4 > 
< 13:: 1 0 8 3 5 7 2 6 4  :: 1 5 8 3 0 7 2 6 4 > 
< 13:: 1 5 8 0 3 7 2 6 4  :: 1 5 8 3 0 7 2 6 4 > 
< 0:: null :: null> 
< 11:: 1 0 5 3 7 8 2 6 4  :: 1 5 0 3 7 8 2 6 4 > 
< 10:: 1 5 0 3 7 8 2 6 4  :: 1 5 8 3 7 0 2 6 4 > 
< 9:: 1 5 8 3 7 0 2 6 4  :: 1 5 8 3 0 7 2 6 4 > 
This is Openlist: 
This is Closelist: 
< 0:: null :: null> 
< 12:: 1 7 5 3 0 8 2 6 4  :: 1 0 5 3 7 8 2 6 4 > 
< 12:: 1 5 8 3 7 4 2 6 0  :: 1 5 8 3 7 0 2 6 4 > 
< 13:: 3 1 5 0 7 8 2 6 4  :: 0 1 5 3 7 8 2 6 4 > 
< 13:: 1 0 8 3 5 7 2 6 4  :: 1 5 8 3 0 7 2 6 4 > 
< 13:: 1 5 8 0 3 7 2 6 4  :: 1 5 8 3 0 7 2 6 4 > 
< 0:: null :: null> 
< 12:: 0 1 5 3 7 8 2 6 4  :: 1 0 5 3 7 8 2 6 4 > 
< 11:: 1 0 5 3 7 8 2 6 4  :: 1 5 0 3 7 8 2 6 4 > 
< 10:: 1 5 0 3 7 8 2 6 4  :: 1 5 8 3 7 0 2 6 4 > 
< 9:: 1 5 8 3 7 0 2 6 4  :: 1 5 8 3 0 7 2 6 4 > 
This is Openlist: 
This is Closelist: 
< 0:: null :: null> 
< 11:: 1 7 5 3 8 0 2 6 4  :: 1 7 5 3 0 8 2 6 4 > 
< 12:: 1 5 8 3 7 4 2 6 0  :: 1 5 8 3 7 0 2 6 4 > 
< 13:: 3 1 5 0 7 8 2 6 4  :: 0 1 5 3 7 8 2 6 4 > 
< 13:: 1 0 8 3 5 7 2 6 4  :: 1 5 8 3 0 7 2 6 4 > 
< 13:: 1 5 8 0 3 7 2 6 4  :: 1 5 8 3 0 7 2 6 4 > 
< 13:: 1 5 8 3 6 7 2 0 4  :: 1 5 8 3 0 7 2 6 4 > 
< 15:: 1 7 5 0 3 8 2 6 4  :: 1 7 5 3 0 8 2 6 4 > 
< 0:: null :: null> 
< 12:: 1 7 5 3 0 8 2 6 4  :: 1 0 5 3 7 8 2 6 4 > 
< 12:: 0 1 5 3 7 8 2 6 4  :: 1 0 5 3 7 8 2 6 4 > 
< 11:: 1 0 5 3 7 8 2 6 4  :: 1 5 0 3 7 8 2 6 4 > 
< 10:: 1 5 0 3 7 8 2 6 4  :: 1 5 8 3 7 0 2 6 4 > 
< 9:: 1 5 8 3 7 0 2 6 4  :: 1 5 8 3 0 7 2 6 4 > 
This is Openlist: 
This is Closelist: 
< 0:: null :: null> 
< 12:: 1 5 8 3 7 4 2 6 0  :: 1 5 8 3 7 0 2 6 4 > 
< 13:: 3 1 5 0 7 8 2 6 4  :: 0 1 5 3 7 8 2 6 4 > 
< 13:: 1 0 8 3 5 7 2 6 4  :: 1 5 8 3 0 7 2 6 4 > 
< 13:: 1 5 8 0 3 7 2 6 4  :: 1 5 8 3 0 7 2 6 4 > 
< 13:: 1 5 8 3 6 7 2 0 4  :: 1 5 8 3 0 7 2 6 4 > 
< 14:: 1 7 0 3 8 5 2 6 4  :: 1 7 5 3 8 0 2 6 4 > 
< 14:: 1 7 5 3 8 4 2 6 0  :: 1 7 5 3 8 0 2 6 4 > 
< 15:: 1 7 5 0 3 8 2 6 4  :: 1 7 5 3 0 8 2 6 4 > 
< 0:: null :: null> 
< 11:: 1 7 5 3 8 0 2 6 4  :: 1 7 5 3 0 8 2 6 4 > 
< 12:: 1 7 5 3 0 8 2 6 4  :: 1 0 5 3 7 8 2 6 4 > 
< 12:: 0 1 5 3 7 8 2 6 4  :: 1 0 5 3 7 8 2 6 4 > 
< 11:: 1 0 5 3 7 8 2 6 4  :: 1 5 0 3 7 8 2 6 4 > 
< 10:: 1 5 0 3 7 8 2 6 4  :: 1 5 8 3 7 0 2 6 4 > 
< 9:: 1 5 8 3 7 0 2 6 4  :: 1 5 8 3 0 7 2 6 4 > 
This is Openlist: 
This is Closelist: 
< 0:: null :: null> 
< 13:: 3 1 5 0 7 8 2 6 4  :: 0 1 5 3 7 8 2 6 4 > 
< 13:: 1 0 8 3 5 7 2 6 4  :: 1 5 8 3 0 7 2 6 4 > 
< 13:: 1 5 8 0 3 7 2 6 4  :: 1 5 8 3 0 7 2 6 4 > 
< 13:: 1 5 8 3 6 7 2 0 4  :: 1 5 8 3 0 7 2 6 4 > 
< 14:: 1 7 0 3 8 5 2 6 4  :: 1 7 5 3 8 0 2 6 4 > 
< 14:: 1 7 5 3 8 4 2 6 0  :: 1 7 5 3 8 0 2 6 4 > 
< 15:: 1 5 8 3 7 4 2 0 6  :: 1 5 8 3 7 4 2 6 0 > 
< 15:: 1 7 5 0 3 8 2 6 4  :: 1 7 5 3 0 8 2 6 4 > 
< 0:: null :: null> 
< 12:: 1 5 8 3 7 4 2 6 0  :: 1 5 8 3 7 0 2 6 4 > 
< 11:: 1 7 5 3 8 0 2 6 4  :: 1 7 5 3 0 8 2 6 4 > 
< 12:: 1 7 5 3 0 8 2 6 4  :: 1 0 5 3 7 8 2 6 4 > 
< 12:: 0 1 5 3 7 8 2 6 4  :: 1 0 5 3 7 8 2 6 4 > 
< 11:: 1 0 5 3 7 8 2 6 4  :: 1 5 0 3 7 8 2 6 4 > 
< 10:: 1 5 0 3 7 8 2 6 4  :: 1 5 8 3 7 0 2 6 4 > 
< 9:: 1 5 8 3 7 0 2 6 4  :: 1 5 8 3 0 7 2 6 4 > 
This is Openlist: 
This is Closelist: 
< 0:: null :: null> 
< 12:: 3 1 5 7 0 8 2 6 4  :: 3 1 5 0 7 8 2 6 4 > 
< 13:: 1 0 8 3 5 7 2 6 4  :: 1 5 8 3 0 7 2 6 4 > 
< 13:: 1 5 8 0 3 7 2 6 4  :: 1 5 8 3 0 7 2 6 4 > 
< 13:: 1 5 8 3 6 7 2 0 4  :: 1 5 8 3 0 7 2 6 4 > 
< 14:: 3 1 5 2 7 8 0 6 4  :: 3 1 5 0 7 8 2 6 4 > 
< 14:: 1 7 0 3 8 5 2 6 4  :: 1 7 5 3 8 0 2 6 4 > 
< 14:: 1 7 5 3 8 4 2 6 0  :: 1 7 5 3 8 0 2 6 4 > 
< 15:: 1 5 8 3 7 4 2 0 6  :: 1 5 8 3 7 4 2 6 0 > 
< 15:: 1 7 5 0 3 8 2 6 4  :: 1 7 5 3 0 8 2 6 4 > 
< 0:: null :: null> 
< 13:: 3 1 5 0 7 8 2 6 4  :: 0 1 5 3 7 8 2 6 4 > 
< 12:: 1 5 8 3 7 4 2 6 0  :: 1 5 8 3 7 0 2 6 4 > 
< 11:: 1 7 5 3 8 0 2 6 4  :: 1 7 5 3 0 8 2 6 4 > 
< 12:: 1 7 5 3 0 8 2 6 4  :: 1 0 5 3 7 8 2 6 4 > 
< 12:: 0 1 5 3 7 8 2 6 4  :: 1 0 5 3 7 8 2 6 4 > 
< 11:: 1 0 5 3 7 8 2 6 4  :: 1 5 0 3 7 8 2 6 4 > 
< 10:: 1 5 0 3 7 8 2 6 4  :: 1 5 8 3 7 0 2 6 4 > 
< 9:: 1 5 8 3 7 0 2 6 4  :: 1 5 8 3 0 7 2 6 4 > 
This is Openlist: 
This is Closelist: 
< 0:: null :: null> 
< 11:: 3 1 5 7 8 0 2 6 4  :: 3 1 5 7 0 8 2 6 4 > 
< 13:: 1 0 8 3 5 7 2 6 4  :: 1 5 8 3 0 7 2 6 4 > 
< 13:: 1 5 8 0 3 7 2 6 4  :: 1 5 8 3 0 7 2 6 4 > 
< 13:: 1 5 8 3 6 7 2 0 4  :: 1 5 8 3 0 7 2 6 4 > 
< 14:: 3 1 5 2 7 8 0 6 4  :: 3 1 5 0 7 8 2 6 4 > 
< 14:: 1 7 0 3 8 5 2 6 4  :: 1 7 5 3 8 0 2 6 4 > 
< 14:: 1 7 5 3 8 4 2 6 0  :: 1 7 5 3 8 0 2 6 4 > 
< 15:: 3 0 5 7 1 8 2 6 4  :: 3 1 5 7 0 8 2 6 4 > 
< 15:: 3 1 5 7 6 8 2 0 4  :: 3 1 5 7 0 8 2 6 4 > 
< 15:: 1 5 8 3 7 4 2 0 6  :: 1 5 8 3 7 4 2 6 0 > 
< 15:: 1 7 5 0 3 8 2 6 4  :: 1 7 5 3 0 8 2 6 4 > 
< 0:: null :: null> 
< 12:: 3 1 5 7 0 8 2 6 4  :: 3 1 5 0 7 8 2 6 4 > 
< 13:: 3 1 5 0 7 8 2 6 4  :: 0 1 5 3 7 8 2 6 4 > 
< 12:: 1 5 8 3 7 4 2 6 0  :: 1 5 8 3 7 0 2 6 4 > 
< 11:: 1 7 5 3 8 0 2 6 4  :: 1 7 5 3 0 8 2 6 4 > 
< 12:: 1 7 5 3 0 8 2 6 4  :: 1 0 5 3 7 8 2 6 4 > 
< 12:: 0 1 5 3 7 8 2 6 4  :: 1 0 5 3 7 8 2 6 4 > 
< 11:: 1 0 5 3 7 8 2 6 4  :: 1 5 0 3 7 8 2 6 4 > 
< 10:: 1 5 0 3 7 8 2 6 4  :: 1 5 8 3 7 0 2 6 4 > 
< 9:: 1 5 8 3 7 0 2 6 4  :: 1 5 8 3 0 7 2 6 4 > 
This is Openlist: 
This is Closelist: 
< 0:: null :: null> 
< 13:: 1 0 8 3 5 7 2 6 4  :: 1 5 8 3 0 7 2 6 4 > 
< 13:: 1 5 8 0 3 7 2 6 4  :: 1 5 8 3 0 7 2 6 4 > 
< 13:: 1 5 8 3 6 7 2 0 4  :: 1 5 8 3 0 7 2 6 4 > 
< 14:: 3 1 0 7 8 5 2 6 4  :: 3 1 5 7 8 0 2 6 4 > 
< 14:: 3 1 5 7 8 4 2 6 0  :: 3 1 5 7 8 0 2 6 4 > 
< 14:: 3 1 5 2 7 8 0 6 4  :: 3 1 5 0 7 8 2 6 4 > 
< 14:: 1 7 0 3 8 5 2 6 4  :: 1 7 5 3 8 0 2 6 4 > 
< 14:: 1 7 5 3 8 4 2 6 0  :: 1 7 5 3 8 0 2 6 4 > 
< 15:: 3 0 5 7 1 8 2 6 4  :: 3 1 5 7 0 8 2 6 4 > 
< 15:: 3 1 5 7 6 8 2 0 4  :: 3 1 5 7 0 8 2 6 4 > 
< 15:: 1 5 8 3 7 4 2 0 6  :: 1 5 8 3 7 4 2 6 0 > 
< 15:: 1 7 5 0 3 8 2 6 4  :: 1 7 5 3 0 8 2 6 4 > 
< 0:: null :: null> 
< 11:: 3 1 5 7 8 0 2 6 4  :: 3 1 5 7 0 8 2 6 4 > 
< 12:: 3 1 5 7 0 8 2 6 4  :: 3 1 5 0 7 8 2 6 4 > 
< 13:: 3 1 5 0 7 8 2 6 4  :: 0 1 5 3 7 8 2 6 4 > 
< 12:: 1 5 8 3 7 4 2 6 0  :: 1 5 8 3 7 0 2 6 4 > 
< 11:: 1 7 5 3 8 0 2 6 4  :: 1 7 5 3 0 8 2 6 4 > 
< 12:: 1 7 5 3 0 8 2 6 4  :: 1 0 5 3 7 8 2 6 4 > 
< 12:: 0 1 5 3 7 8 2 6 4  :: 1 0 5 3 7 8 2 6 4 > 
< 11:: 1 0 5 3 7 8 2 6 4  :: 1 5 0 3 7 8 2 6 4 > 
< 10:: 1 5 0 3 7 8 2 6 4  :: 1 5 8 3 7 0 2 6 4 > 
< 9:: 1 5 8 3 7 0 2 6 4  :: 1 5 8 3 0 7 2 6 4 > 
This is Openlist: 
This is Closelist: 
< 0:: null :: null> 
< 12:: 1 8 0 3 5 7 2 6 4  :: 1 0 8 3 5 7 2 6 4 > 
< 13:: 1 5 8 0 3 7 2 6 4  :: 1 5 8 3 0 7 2 6 4 > 
< 13:: 1 5 8 3 6 7 2 0 4  :: 1 5 8 3 0 7 2 6 4 > 
< 14:: 0 1 8 3 5 7 2 6 4  :: 1 0 8 3 5 7 2 6 4 > 
< 14:: 3 1 0 7 8 5 2 6 4  :: 3 1 5 7 8 0 2 6 4 > 
< 14:: 3 1 5 7 8 4 2 6 0  :: 3 1 5 7 8 0 2 6 4 > 
< 14:: 3 1 5 2 7 8 0 6 4  :: 3 1 5 0 7 8 2 6 4 > 
< 14:: 1 7 0 3 8 5 2 6 4  :: 1 7 5 3 8 0 2 6 4 > 
< 14:: 1 7 5 3 8 4 2 6 0  :: 1 7 5 3 8 0 2 6 4 > 
< 15:: 3 0 5 7 1 8 2 6 4  :: 3 1 5 7 0 8 2 6 4 > 
< 15:: 3 1 5 7 6 8 2 0 4  :: 3 1 5 7 0 8 2 6 4 > 
< 15:: 1 5 8 3 7 4 2 0 6  :: 1 5 8 3 7 4 2 6 0 > 
< 15:: 1 7 5 0 3 8 2 6 4  :: 1 7 5 3 0 8 2 6 4 > 
< 0:: null :: null> 
< 13:: 1 0 8 3 5 7 2 6 4  :: 1 5 8 3 0 7 2 6 4 > 
< 11:: 3 1 5 7 8 0 2 6 4  :: 3 1 5 7 0 8 2 6 4 > 
< 12:: 3 1 5 7 0 8 2 6 4  :: 3 1 5 0 7 8 2 6 4 > 
< 13:: 3 1 5 0 7 8 2 6 4  :: 0 1 5 3 7 8 2 6 4 > 
< 12:: 1 5 8 3 7 4 2 6 0  :: 1 5 8 3 7 0 2 6 4 > 
< 11:: 1 7 5 3 8 0 2 6 4  :: 1 7 5 3 0 8 2 6 4 > 
< 12:: 1 7 5 3 0 8 2 6 4  :: 1 0 5 3 7 8 2 6 4 > 
< 12:: 0 1 5 3 7 8 2 6 4  :: 1 0 5 3 7 8 2 6 4 > 
< 11:: 1 0 5 3 7 8 2 6 4  :: 1 5 0 3 7 8 2 6 4 > 
< 10:: 1 5 0 3 7 8 2 6 4  :: 1 5 8 3 7 0 2 6 4 > 
< 9:: 1 5 8 3 7 0 2 6 4  :: 1 5 8 3 0 7 2 6 4 > 
This is Openlist: 
This is Closelist: 
< 0:: null :: null> 
< 13:: 1 8 7 3 5 0 2 6 4  :: 1 8 0 3 5 7 2 6 4 > 
< 13:: 1 5 8 0 3 7 2 6 4  :: 1 5 8 3 0 7 2 6 4 > 
< 13:: 1 5 8 3 6 7 2 0 4  :: 1 5 8 3 0 7 2 6 4 > 
< 14:: 0 1 8 3 5 7 2 6 4  :: 1 0 8 3 5 7 2 6 4 > 
< 14:: 3 1 0 7 8 5 2 6 4  :: 3 1 5 7 8 0 2 6 4 > 
< 14:: 3 1 5 7 8 4 2 6 0  :: 3 1 5 7 8 0 2 6 4 > 
< 14:: 3 1 5 2 7 8 0 6 4  :: 3 1 5 0 7 8 2 6 4 > 
< 14:: 1 7 0 3 8 5 2 6 4  :: 1 7 5 3 8 0 2 6 4 > 
< 14:: 1 7 5 3 8 4 2 6 0  :: 1 7 5 3 8 0 2 6 4 > 
< 15:: 3 0 5 7 1 8 2 6 4  :: 3 1 5 7 0 8 2 6 4 > 
< 15:: 3 1 5 7 6 8 2 0 4  :: 3 1 5 7 0 8 2 6 4 > 
< 15:: 1 5 8 3 7 4 2 0 6  :: 1 5 8 3 7 4 2 6 0 > 
< 15:: 1 7 5 0 3 8 2 6 4  :: 1 7 5 3 0 8 2 6 4 > 
< 0:: null :: null> 
< 12:: 1 8 0 3 5 7 2 6 4  :: 1 0 8 3 5 7 2 6 4 > 
< 13:: 1 0 8 3 5 7 2 6 4  :: 1 5 8 3 0 7 2 6 4 > 
< 11:: 3 1 5 7 8 0 2 6 4  :: 3 1 5 7 0 8 2 6 4 > 
< 12:: 3 1 5 7 0 8 2 6 4  :: 3 1 5 0 7 8 2 6 4 > 
< 13:: 3 1 5 0 7 8 2 6 4  :: 0 1 5 3 7 8 2 6 4 > 
< 12:: 1 5 8 3 7 4 2 6 0  :: 1 5 8 3 7 0 2 6 4 > 
< 11:: 1 7 5 3 8 0 2 6 4  :: 1 7 5 3 0 8 2 6 4 > 
< 12:: 1 7 5 3 0 8 2 6 4  :: 1 0 5 3 7 8 2 6 4 > 
< 12:: 0 1 5 3 7 8 2 6 4  :: 1 0 5 3 7 8 2 6 4 > 
< 11:: 1 0 5 3 7 8 2 6 4  :: 1 5 0 3 7 8 2 6 4 > 
< 10:: 1 5 0 3 7 8 2 6 4  :: 1 5 8 3 7 0 2 6 4 > 
< 9:: 1 5 8 3 7 0 2 6 4  :: 1 5 8 3 0 7 2 6 4 > 
This is Openlist: 
This is Closelist: 
< 0:: null :: null> 
< 13:: 1 5 8 0 3 7 2 6 4  :: 1 5 8 3 0 7 2 6 4 > 
< 13:: 1 5 8 3 6 7 2 0 4  :: 1 5 8 3 0 7 2 6 4 > 
< 14:: 1 8 7 3 0 5 2 6 4  :: 1 8 7 3 5 0 2 6 4 > 
< 14:: 0 1 8 3 5 7 2 6 4  :: 1 0 8 3 5 7 2 6 4 > 
< 14:: 3 1 0 7 8 5 2 6 4  :: 3 1 5 7 8 0 2 6 4 > 
< 14:: 3 1 5 7 8 4 2 6 0  :: 3 1 5 7 8 0 2 6 4 > 
< 14:: 3 1 5 2 7 8 0 6 4  :: 3 1 5 0 7 8 2 6 4 > 
< 14:: 1 7 0 3 8 5 2 6 4  :: 1 7 5 3 8 0 2 6 4 > 
< 14:: 1 7 5 3 8 4 2 6 0  :: 1 7 5 3 8 0 2 6 4 > 
< 15:: 3 0 5 7 1 8 2 6 4  :: 3 1 5 7 0 8 2 6 4 > 
< 15:: 3 1 5 7 6 8 2 0 4  :: 3 1 5 7 0 8 2 6 4 > 
< 15:: 1 5 8 3 7 4 2 0 6  :: 1 5 8 3 7 4 2 6 0 > 
< 15:: 1 7 5 0 3 8 2 6 4  :: 1 7 5 3 0 8 2 6 4 > 
< 15:: 1 7 5 3 6 8 2 0 4  :: 1 7 5 3 0 8 2 6 4 > 
< 0:: null :: null> 
< 13:: 1 8 7 3 5 0 2 6 4  :: 1 8 0 3 5 7 2 6 4 > 
< 12:: 1 8 0 3 5 7 2 6 4  :: 1 0 8 3 5 7 2 6 4 > 
< 13:: 1 0 8 3 5 7 2 6 4  :: 1 5 8 3 0 7 2 6 4 > 
< 11:: 3 1 5 7 8 0 2 6 4  :: 3 1 5 7 0 8 2 6 4 > 
< 12:: 3 1 5 7 0 8 2 6 4  :: 3 1 5 0 7 8 2 6 4 > 
< 13:: 3 1 5 0 7 8 2 6 4  :: 0 1 5 3 7 8 2 6 4 > 
< 12:: 1 5 8 3 7 4 2 6 0  :: 1 5 8 3 7 0 2 6 4 > 
< 11:: 1 7 5 3 8 0 2 6 4  :: 1 7 5 3 0 8 2 6 4 > 
< 12:: 1 7 5 3 0 8 2 6 4  :: 1 0 5 3 7 8 2 6 4 > 
< 12:: 0 1 5 3 7 8 2 6 4  :: 1 0 5 3 7 8 2 6 4 > 
< 11:: 1 0 5 3 7 8 2 6 4  :: 1 5 0 3 7 8 2 6 4 > 
< 10:: 1 5 0 3 7 8 2 6 4  :: 1 5 8 3 7 0 2 6 4 > 
< 9:: 1 5 8 3 7 0 2 6 4  :: 1 5 8 3 0 7 2 6 4 > 
This is Openlist: 
This is Closelist: 
< 0:: null :: null> 
< 13:: 1 5 8 3 6 7 2 0 4  :: 1 5 8 3 0 7 2 6 4 > 
< 14:: 1 5 8 2 3 7 0 6 4  :: 1 5 8 0 3 7 2 6 4 > 
< 14:: 1 8 7 3 0 5 2 6 4  :: 1 8 7 3 5 0 2 6 4 > 
< 14:: 0 1 8 3 5 7 2 6 4  :: 1 0 8 3 5 7 2 6 4 > 
< 14:: 3 1 0 7 8 5 2 6 4  :: 3 1 5 7 8 0 2 6 4 > 
< 14:: 3 1 5 7 8 4 2 6 0  :: 3 1 5 7 8 0 2 6 4 > 
< 14:: 3 1 5 2 7 8 0 6 4  :: 3 1 5 0 7 8 2 6 4 > 
< 14:: 1 7 0 3 8 5 2 6 4  :: 1 7 5 3 8 0 2 6 4 > 
< 14:: 1 7 5 3 8 4 2 6 0  :: 1 7 5 3 8 0 2 6 4 > 
< 15:: 3 0 5 7 1 8 2 6 4  :: 3 1 5 7 0 8 2 6 4 > 
< 15:: 3 1 5 7 6 8 2 0 4  :: 3 1 5 7 0 8 2 6 4 > 
< 15:: 1 5 8 3 7 4 2 0 6  :: 1 5 8 3 7 4 2 6 0 > 
< 15:: 1 7 5 0 3 8 2 6 4  :: 1 7 5 3 0 8 2 6 4 > 
< 15:: 1 7 5 3 6 8 2 0 4  :: 1 7 5 3 0 8 2 6 4 > 
< 16:: 0 5 8 1 3 7 2 6 4  :: 1 5 8 0 3 7 2 6 4 > 
< 0:: null :: null> 
< 13:: 1 5 8 0 3 7 2 6 4  :: 1 5 8 3 0 7 2 6 4 > 
< 13:: 1 8 7 3 5 0 2 6 4  :: 1 8 0 3 5 7 2 6 4 > 
< 12:: 1 8 0 3 5 7 2 6 4  :: 1 0 8 3 5 7 2 6 4 > 
< 13:: 1 0 8 3 5 7 2 6 4  :: 1 5 8 3 0 7 2 6 4 > 
< 11:: 3 1 5 7 8 0 2 6 4  :: 3 1 5 7 0 8 2 6 4 > 
< 12:: 3 1 5 7 0 8 2 6 4  :: 3 1 5 0 7 8 2 6 4 > 
< 13:: 3 1 5 0 7 8 2 6 4  :: 0 1 5 3 7 8 2 6 4 > 
< 12:: 1 5 8 3 7 4 2 6 0  :: 1 5 8 3 7 0 2 6 4 > 
< 11:: 1 7 5 3 8 0 2 6 4  :: 1 7 5 3 0 8 2 6 4 > 
< 12:: 1 7 5 3 0 8 2 6 4  :: 1 0 5 3 7 8 2 6 4 > 
< 12:: 0 1 5 3 7 8 2 6 4  :: 1 0 5 3 7 8 2 6 4 > 
< 11:: 1 0 5 3 7 8 2 6 4  :: 1 5 0 3 7 8 2 6 4 > 
< 10:: 1 5 0 3 7 8 2 6 4  :: 1 5 8 3 7 0 2 6 4 > 
< 9:: 1 5 8 3 7 0 2 6 4  :: 1 5 8 3 0 7 2 6 4 > 
This is Openlist: 
This is Closelist: 
< 0:: null :: null> 
< 14:: 1 5 8 3 6 7 2 4 0  :: 1 5 8 3 6 7 2 0 4 > 
< 14:: 1 5 8 2 3 7 0 6 4  :: 1 5 8 0 3 7 2 6 4 > 
< 14:: 1 8 7 3 0 5 2 6 4  :: 1 8 7 3 5 0 2 6 4 > 
< 14:: 0 1 8 3 5 7 2 6 4  :: 1 0 8 3 5 7 2 6 4 > 
< 14:: 3 1 0 7 8 5 2 6 4  :: 3 1 5 7 8 0 2 6 4 > 
< 14:: 3 1 5 7 8 4 2 6 0  :: 3 1 5 7 8 0 2 6 4 > 
< 14:: 3 1 5 2 7 8 0 6 4  :: 3 1 5 0 7 8 2 6 4 > 
< 14:: 1 7 0 3 8 5 2 6 4  :: 1 7 5 3 8 0 2 6 4 > 
< 14:: 1 7 5 3 8 4 2 6 0  :: 1 7 5 3 8 0 2 6 4 > 
< 15:: 3 0 5 7 1 8 2 6 4  :: 3 1 5 7 0 8 2 6 4 > 
< 15:: 3 1 5 7 6 8 2 0 4  :: 3 1 5 7 0 8 2 6 4 > 
< 15:: 1 5 8 3 7 4 2 0 6  :: 1 5 8 3 7 4 2 6 0 > 
< 15:: 1 7 5 0 3 8 2 6 4  :: 1 7 5 3 0 8 2 6 4 > 
< 15:: 1 7 5 3 6 8 2 0 4  :: 1 7 5 3 0 8 2 6 4 > 
< 16:: 1 5 8 3 6 7 0 2 4  :: 1 5 8 3 6 7 2 0 4 > 
< 16:: 0 5 8 1 3 7 2 6 4  :: 1 5 8 0 3 7 2 6 4 > 
< 0:: null :: null> 
< 13:: 1 5 8 3 6 7 2 0 4  :: 1 5 8 3 0 7 2 6 4 > 
< 13:: 1 5 8 0 3 7 2 6 4  :: 1 5 8 3 0 7 2 6 4 > 
< 13:: 1 8 7 3 5 0 2 6 4  :: 1 8 0 3 5 7 2 6 4 > 
< 12:: 1 8 0 3 5 7 2 6 4  :: 1 0 8 3 5 7 2 6 4 > 
< 13:: 1 0 8 3 5 7 2 6 4  :: 1 5 8 3 0 7 2 6 4 > 
< 11:: 3 1 5 7 8 0 2 6 4  :: 3 1 5 7 0 8 2 6 4 > 
< 12:: 3 1 5 7 0 8 2 6 4  :: 3 1 5 0 7 8 2 6 4 > 
< 13:: 3 1 5 0 7 8 2 6 4  :: 0 1 5 3 7 8 2 6 4 > 
< 12:: 1 5 8 3 7 4 2 6 0  :: 1 5 8 3 7 0 2 6 4 > 
< 11:: 1 7 5 3 8 0 2 6 4  :: 1 7 5 3 0 8 2 6 4 > 
< 12:: 1 7 5 3 0 8 2 6 4  :: 1 0 5 3 7 8 2 6 4 > 
< 12:: 0 1 5 3 7 8 2 6 4  :: 1 0 5 3 7 8 2 6 4 > 
< 11:: 1 0 5 3 7 8 2 6 4  :: 1 5 0 3 7 8 2 6 4 > 
< 10:: 1 5 0 3 7 8 2 6 4  :: 1 5 8 3 7 0 2 6 4 > 
< 9:: 1 5 8 3 7 0 2 6 4  :: 1 5 8 3 0 7 2 6 4 > 
This is Openlist: 
This is Closelist: 
< 0:: null :: null> 
< 13:: 1 5 8 3 6 0 2 4 7  :: 1 5 8 3 6 7 2 4 0 > 
< 14:: 1 5 8 2 3 7 0 6 4  :: 1 5 8 0 3 7 2 6 4 > 
< 14:: 1 8 7 3 0 5 2 6 4  :: 1 8 7 3 5 0 2 6 4 > 
< 14:: 0 1 8 3 5 7 2 6 4  :: 1 0 8 3 5 7 2 6 4 > 
< 14:: 3 1 0 7 8 5 2 6 4  :: 3 1 5 7 8 0 2 6 4 > 
< 14:: 3 1 5 7 8 4 2 6 0  :: 3 1 5 7 8 0 2 6 4 > 
< 14:: 3 1 5 2 7 8 0 6 4  :: 3 1 5 0 7 8 2 6 4 > 
< 14:: 1 7 0 3 8 5 2 6 4  :: 1 7 5 3 8 0 2 6 4 > 
< 14:: 1 7 5 3 8 4 2 6 0  :: 1 7 5 3 8 0 2 6 4 > 
< 15:: 3 0 5 7 1 8 2 6 4  :: 3 1 5 7 0 8 2 6 4 > 
< 15:: 3 1 5 7 6 8 2 0 4  :: 3 1 5 7 0 8 2 6 4 > 
< 15:: 1 5 8 3 7 4 2 0 6  :: 1 5 8 3 7 4 2 6 0 > 
< 15:: 1 7 5 0 3 8 2 6 4  :: 1 7 5 3 0 8 2 6 4 > 
< 15:: 1 7 5 3 6 8 2 0 4  :: 1 7 5 3 0 8 2 6 4 > 
< 16:: 1 5 8 3 6 7 0 2 4  :: 1 5 8 3 6 7 2 0 4 > 
< 16:: 0 5 8 1 3 7 2 6 4  :: 1 5 8 0 3 7 2 6 4 > 
< 0:: null :: null> 
< 14:: 1 5 8 3 6 7 2 4 0  :: 1 5 8 3 6 7 2 0 4 > 
< 13:: 1 5 8 3 6 7 2 0 4  :: 1 5 8 3 0 7 2 6 4 > 
< 13:: 1 5 8 0 3 7 2 6 4  :: 1 5 8 3 0 7 2 6 4 > 
< 13:: 1 8 7 3 5 0 2 6 4  :: 1 8 0 3 5 7 2 6 4 > 
< 12:: 1 8 0 3 5 7 2 6 4  :: 1 0 8 3 5 7 2 6 4 > 
< 13:: 1 0 8 3 5 7 2 6 4  :: 1 5 8 3 0 7 2 6 4 > 
< 11:: 3 1 5 7 8 0 2 6 4  :: 3 1 5 7 0 8 2 6 4 > 
< 12:: 3 1 5 7 0 8 2 6 4  :: 3 1 5 0 7 8 2 6 4 > 
< 13:: 3 1 5 0 7 8 2 6 4  :: 0 1 5 3 7 8 2 6 4 > 
< 12:: 1 5 8 3 7 4 2 6 0  :: 1 5 8 3 7 0 2 6 4 > 
< 11:: 1 7 5 3 8 0 2 6 4  :: 1 7 5 3 0 8 2 6 4 > 
< 12:: 1 7 5 3 0 8 2 6 4  :: 1 0 5 3 7 8 2 6 4 > 
< 12:: 0 1 5 3 7 8 2 6 4  :: 1 0 5 3 7 8 2 6 4 > 
< 11:: 1 0 5 3 7 8 2 6 4  :: 1 5 0 3 7 8 2 6 4 > 
< 10:: 1 5 0 3 7 8 2 6 4  :: 1 5 8 3 7 0 2 6 4 > 
< 9:: 1 5 8 3 7 0 2 6 4  :: 1 5 8 3 0 7 2 6 4 > 
This is Openlist: 
This is Closelist: 
< 0:: null :: null> 
< 14:: 1 5 0 3 6 8 2 4 7  :: 1 5 8 3 6 0 2 4 7 > 
< 14:: 1 5 8 2 3 7 0 6 4  :: 1 5 8 0 3 7 2 6 4 > 
< 14:: 1 8 7 3 0 5 2 6 4  :: 1 8 7 3 5 0 2 6 4 > 
< 14:: 0 1 8 3 5 7 2 6 4  :: 1 0 8 3 5 7 2 6 4 > 
< 14:: 3 1 0 7 8 5 2 6 4  :: 3 1 5 7 8 0 2 6 4 > 
< 14:: 3 1 5 7 8 4 2 6 0  :: 3 1 5 7 8 0 2 6 4 > 
< 14:: 3 1 5 2 7 8 0 6 4  :: 3 1 5 0 7 8 2 6 4 > 
< 14:: 1 7 0 3 8 5 2 6 4  :: 1 7 5 3 8 0 2 6 4 > 
< 14:: 1 7 5 3 8 4 2 6 0  :: 1 7 5 3 8 0 2 6 4 > 
< 15:: 3 0 5 7 1 8 2 6 4  :: 3 1 5 7 0 8 2 6 4 > 
< 15:: 3 1 5 7 6 8 2 0 4  :: 3 1 5 7 0 8 2 6 4 > 
< 15:: 1 5 8 3 7 4 2 0 6  :: 1 5 8 3 7 4 2 6 0 > 
< 15:: 1 7 5 0 3 8 2 6 4  :: 1 7 5 3 0 8 2 6 4 > 
< 15:: 1 7 5 3 6 8 2 0 4  :: 1 7 5 3 0 8 2 6 4 > 
< 16:: 1 5 8 3 0 6 2 4 7  :: 1 5 8 3 6 0 2 4 7 > 
< 16:: 1 5 8 3 6 7 0 2 4  :: 1 5 8 3 6 7 2 0 4 > 
< 16:: 0 5 8 1 3 7 2 6 4  :: 1 5 8 0 3 7 2 6 4 > 
< 0:: null :: null> 
< 13:: 1 5 8 3 6 0 2 4 7  :: 1 5 8 3 6 7 2 4 0 > 
< 14:: 1 5 8 3 6 7 2 4 0  :: 1 5 8 3 6 7 2 0 4 > 
< 13:: 1 5 8 3 6 7 2 0 4  :: 1 5 8 3 0 7 2 6 4 > 
< 13:: 1 5 8 0 3 7 2 6 4  :: 1 5 8 3 0 7 2 6 4 > 
< 13:: 1 8 7 3 5 0 2 6 4  :: 1 8 0 3 5 7 2 6 4 > 
< 12:: 1 8 0 3 5 7 2 6 4  :: 1 0 8 3 5 7 2 6 4 > 
< 13:: 1 0 8 3 5 7 2 6 4  :: 1 5 8 3 0 7 2 6 4 > 
< 11:: 3 1 5 7 8 0 2 6 4  :: 3 1 5 7 0 8 2 6 4 > 
< 12:: 3 1 5 7 0 8 2 6 4  :: 3 1 5 0 7 8 2 6 4 > 
< 13:: 3 1 5 0 7 8 2 6 4  :: 0 1 5 3 7 8 2 6 4 > 
< 12:: 1 5 8 3 7 4 2 6 0  :: 1 5 8 3 7 0 2 6 4 > 
< 11:: 1 7 5 3 8 0 2 6 4  :: 1 7 5 3 0 8 2 6 4 > 
< 12:: 1 7 5 3 0 8 2 6 4  :: 1 0 5 3 7 8 2 6 4 > 
< 12:: 0 1 5 3 7 8 2 6 4  :: 1 0 5 3 7 8 2 6 4 > 
< 11:: 1 0 5 3 7 8 2 6 4  :: 1 5 0 3 7 8 2 6 4 > 
< 10:: 1 5 0 3 7 8 2 6 4  :: 1 5 8 3 7 0 2 6 4 > 
< 9:: 1 5 8 3 7 0 2 6 4  :: 1 5 8 3 0 7 2 6 4 > 
This is Openlist: 
This is Closelist: 
< 0:: null :: null> 
< 14:: 1 5 8 2 3 7 0 6 4  :: 1 5 8 0 3 7 2 6 4 > 
< 14:: 1 8 7 3 0 5 2 6 4  :: 1 8 7 3 5 0 2 6 4 > 
< 14:: 0 1 8 3 5 7 2 6 4  :: 1 0 8 3 5 7 2 6 4 > 
< 14:: 3 1 0 7 8 5 2 6 4  :: 3 1 5 7 8 0 2 6 4 > 
< 14:: 3 1 5 7 8 4 2 6 0  :: 3 1 5 7 8 0 2 6 4 > 
< 14:: 3 1 5 2 7 8 0 6 4  :: 3 1 5 0 7 8 2 6 4 > 
< 14:: 1 7 0 3 8 5 2 6 4  :: 1 7 5 3 8 0 2 6 4 > 
< 14:: 1 7 5 3 8 4 2 6 0  :: 1 7 5 3 8 0 2 6 4 > 
< 15:: 1 0 5 3 6 8 2 4 7  :: 1 5 0 3 6 8 2 4 7 > 
< 15:: 3 0 5 7 1 8 2 6 4  :: 3 1 5 7 0 8 2 6 4 > 
< 15:: 3 1 5 7 6 8 2 0 4  :: 3 1 5 7 0 8 2 6 4 > 
< 15:: 1 5 8 3 7 4 2 0 6  :: 1 5 8 3 7 4 2 6 0 > 
< 15:: 1 7 5 0 3 8 2 6 4  :: 1 7 5 3 0 8 2 6 4 > 
< 15:: 1 7 5 3 6 8 2 0 4  :: 1 7 5 3 0 8 2 6 4 > 
< 16:: 1 5 8 3 0 6 2 4 7  :: 1 5 8 3 6 0 2 4 7 > 
< 16:: 1 5 8 3 6 7 0 2 4  :: 1 5 8 3 6 7 2 0 4 > 
< 16:: 0 5 8 1 3 7 2 6 4  :: 1 5 8 0 3 7 2 6 4 > 
< 0:: null :: null> 
< 14:: 1 5 0 3 6 8 2 4 7  :: 1 5 8 3 6 0 2 4 7 > 
< 13:: 1 5 8 3 6 0 2 4 7  :: 1 5 8 3 6 7 2 4 0 > 
< 14:: 1 5 8 3 6 7 2 4 0  :: 1 5 8 3 6 7 2 0 4 > 
< 13:: 1 5 8 3 6 7 2 0 4  :: 1 5 8 3 0 7 2 6 4 > 
< 13:: 1 5 8 0 3 7 2 6 4  :: 1 5 8 3 0 7 2 6 4 > 
< 13:: 1 8 7 3 5 0 2 6 4  :: 1 8 0 3 5 7 2 6 4 > 
< 12:: 1 8 0 3 5 7 2 6 4  :: 1 0 8 3 5 7 2 6 4 > 
< 13:: 1 0 8 3 5 7 2 6 4  :: 1 5 8 3 0 7 2 6 4 > 
< 11:: 3 1 5 7 8 0 2 6 4  :: 3 1 5 7 0 8 2 6 4 > 
< 12:: 3 1 5 7 0 8 2 6 4  :: 3 1 5 0 7 8 2 6 4 > 
< 13:: 3 1 5 0 7 8 2 6 4  :: 0 1 5 3 7 8 2 6 4 > 
< 12:: 1 5 8 3 7 4 2 6 0  :: 1 5 8 3 7 0 2 6 4 > 
< 11:: 1 7 5 3 8 0 2 6 4  :: 1 7 5 3 0 8 2 6 4 > 
< 12:: 1 7 5 3 0 8 2 6 4  :: 1 0 5 3 7 8 2 6 4 > 
< 12:: 0 1 5 3 7 8 2 6 4  :: 1 0 5 3 7 8 2 6 4 > 
< 11:: 1 0 5 3 7 8 2 6 4  :: 1 5 0 3 7 8 2 6 4 > 
< 10:: 1 5 0 3 7 8 2 6 4  :: 1 5 8 3 7 0 2 6 4 > 
< 9:: 1 5 8 3 7 0 2 6 4  :: 1 5 8 3 0 7 2 6 4 > 
This is Openlist: 
This is Closelist: 
< 0:: null :: null> 
< 14:: 1 8 7 3 0 5 2 6 4  :: 1 8 7 3 5 0 2 6 4 > 
< 14:: 0 1 8 3 5 7 2 6 4  :: 1 0 8 3 5 7 2 6 4 > 
< 14:: 3 1 0 7 8 5 2 6 4  :: 3 1 5 7 8 0 2 6 4 > 
< 14:: 3 1 5 7 8 4 2 6 0  :: 3 1 5 7 8 0 2 6 4 > 
< 14:: 3 1 5 2 7 8 0 6 4  :: 3 1 5 0 7 8 2 6 4 > 
< 14:: 1 7 0 3 8 5 2 6 4  :: 1 7 5 3 8 0 2 6 4 > 
< 14:: 1 7 5 3 8 4 2 6 0  :: 1 7 5 3 8 0 2 6 4 > 
< 15:: 1 5 8 2 3 7 6 0 4  :: 1 5 8 2 3 7 0 6 4 > 
< 15:: 1 0 5 3 6 8 2 4 7  :: 1 5 0 3 6 8 2 4 7 > 
< 15:: 3 0 5 7 1 8 2 6 4  :: 3 1 5 7 0 8 2 6 4 > 
< 15:: 3 1 5 7 6 8 2 0 4  :: 3 1 5 7 0 8 2 6 4 > 
< 15:: 1 5 8 3 7 4 2 0 6  :: 1 5 8 3 7 4 2 6 0 > 
< 15:: 1 7 5 0 3 8 2 6 4  :: 1 7 5 3 0 8 2 6 4 > 
< 15:: 1 7 5 3 6 8 2 0 4  :: 1 7 5 3 0 8 2 6 4 > 
< 16:: 1 5 8 3 0 6 2 4 7  :: 1 5 8 3 6 0 2 4 7 > 
< 16:: 1 5 8 3 6 7 0 2 4  :: 1 5 8 3 6 7 2 0 4 > 
< 16:: 0 5 8 1 3 7 2 6 4  :: 1 5 8 0 3 7 2 6 4 > 
< 0:: null :: null> 
< 14:: 1 5 8 2 3 7 0 6 4  :: 1 5 8 0 3 7 2 6 4 > 
< 14:: 1 5 0 3 6 8 2 4 7  :: 1 5 8 3 6 0 2 4 7 > 
< 13:: 1 5 8 3 6 0 2 4 7  :: 1 5 8 3 6 7 2 4 0 > 
< 14:: 1 5 8 3 6 7 2 4 0  :: 1 5 8 3 6 7 2 0 4 > 
< 13:: 1 5 8 3 6 7 2 0 4  :: 1 5 8 3 0 7 2 6 4 > 
< 13:: 1 5 8 0 3 7 2 6 4  :: 1 5 8 3 0 7 2 6 4 > 
< 13:: 1 8 7 3 5 0 2 6 4  :: 1 8 0 3 5 7 2 6 4 > 
< 12:: 1 8 0 3 5 7 2 6 4  :: 1 0 8 3 5 7 2 6 4 > 
< 13:: 1 0 8 3 5 7 2 6 4  :: 1 5 8 3 0 7 2 6 4 > 
< 11:: 3 1 5 7 8 0 2 6 4  :: 3 1 5 7 0 8 2 6 4 > 
< 12:: 3 1 5 7 0 8 2 6 4  :: 3 1 5 0 7 8 2 6 4 > 
< 13:: 3 1 5 0 7 8 2 6 4  :: 0 1 5 3 7 8 2 6 4 > 
< 12:: 1 5 8 3 7 4 2 6 0  :: 1 5 8 3 7 0 2 6 4 > 
< 11:: 1 7 5 3 8 0 2 6 4  :: 1 7 5 3 0 8 2 6 4 > 
< 12:: 1 7 5 3 0 8 2 6 4  :: 1 0 5 3 7 8 2 6 4 > 
< 12:: 0 1 5 3 7 8 2 6 4  :: 1 0 5 3 7 8 2 6 4 > 
< 11:: 1 0 5 3 7 8 2 6 4  :: 1 5 0 3 7 8 2 6 4 > 
< 10:: 1 5 0 3 7 8 2 6 4  :: 1 5 8 3 7 0 2 6 4 > 
< 9:: 1 5 8 3 7 0 2 6 4  :: 1 5 8 3 0 7 2 6 4 > 
This is Openlist: 
This is Closelist: 
< 0:: null :: null> 
< 14:: 0 1 8 3 5 7 2 6 4  :: 1 0 8 3 5 7 2 6 4 > 
< 14:: 3 1 0 7 8 5 2 6 4  :: 3 1 5 7 8 0 2 6 4 > 
< 14:: 3 1 5 7 8 4 2 6 0  :: 3 1 5 7 8 0 2 6 4 > 
< 14:: 3 1 5 2 7 8 0 6 4  :: 3 1 5 0 7 8 2 6 4 > 
< 14:: 1 7 0 3 8 5 2 6 4  :: 1 7 5 3 8 0 2 6 4 > 
< 14:: 1 7 5 3 8 4 2 6 0  :: 1 7 5 3 8 0 2 6 4 > 
< 15:: 1 0 7 3 8 5 2 6 4  :: 1 8 7 3 0 5 2 6 4 > 
< 15:: 1 5 8 2 3 7 6 0 4  :: 1 5 8 2 3 7 0 6 4 > 
< 15:: 1 0 5 3 6 8 2 4 7  :: 1 5 0 3 6 8 2 4 7 > 
< 15:: 3 0 5 7 1 8 2 6 4  :: 3 1 5 7 0 8 2 6 4 > 
< 15:: 3 1 5 7 6 8 2 0 4  :: 3 1 5 7 0 8 2 6 4 > 
< 15:: 1 5 8 3 7 4 2 0 6  :: 1 5 8 3 7 4 2 6 0 > 
< 15:: 1 7 5 0 3 8 2 6 4  :: 1 7 5 3 0 8 2 6 4 > 
< 15:: 1 7 5 3 6 8 2 0 4  :: 1 7 5 3 0 8 2 6 4 > 
< 16:: 1 5 8 3 0 6 2 4 7  :: 1 5 8 3 6 0 2 4 7 > 
< 16:: 1 5 8 3 6 7 0 2 4  :: 1 5 8 3 6 7 2 0 4 > 
< 16:: 0 5 8 1 3 7 2 6 4  :: 1 5 8 0 3 7 2 6 4 > 
< 16:: 1 8 7 3 5 4 2 6 0  :: 1 8 7 3 5 0 2 6 4 > 
< 17:: 1 8 7 0 3 5 2 6 4  :: 1 8 7 3 0 5 2 6 4 > 
< 0:: null :: null> 
< 14:: 1 8 7 3 0 5 2 6 4  :: 1 8 7 3 5 0 2 6 4 > 
< 14:: 1 5 8 2 3 7 0 6 4  :: 1 5 8 0 3 7 2 6 4 > 
< 14:: 1 5 0 3 6 8 2 4 7  :: 1 5 8 3 6 0 2 4 7 > 
< 13:: 1 5 8 3 6 0 2 4 7  :: 1 5 8 3 6 7 2 4 0 > 
< 14:: 1 5 8 3 6 7 2 4 0  :: 1 5 8 3 6 7 2 0 4 > 
< 13:: 1 5 8 3 6 7 2 0 4  :: 1 5 8 3 0 7 2 6 4 > 
< 13:: 1 5 8 0 3 7 2 6 4  :: 1 5 8 3 0 7 2 6 4 > 
< 13:: 1 8 7 3 5 0 2 6 4  :: 1 8 0 3 5 7 2 6 4 > 
< 12:: 1 8 0 3 5 7 2 6 4  :: 1 0 8 3 5 7 2 6 4 > 
< 13:: 1 0 8 3 5 7 2 6 4  :: 1 5 8 3 0 7 2 6 4 > 
< 11:: 3 1 5 7 8 0 2 6 4  :: 3 1 5 7 0 8 2 6 4 > 
< 12:: 3 1 5 7 0 8 2 6 4  :: 3 1 5 0 7 8 2 6 4 > 
< 13:: 3 1 5 0 7 8 2 6 4  :: 0 1 5 3 7 8 2 6 4 > 
< 12:: 1 5 8 3 7 4 2 6 0  :: 1 5 8 3 7 0 2 6 4 > 
< 11:: 1 7 5 3 8 0 2 6 4  :: 1 7 5 3 0 8 2 6 4 > 
< 12:: 1 7 5 3 0 8 2 6 4  :: 1 0 5 3 7 8 2 6 4 > 
< 12:: 0 1 5 3 7 8 2 6 4  :: 1 0 5 3 7 8 2 6 4 > 
< 11:: 1 0 5 3 7 8 2 6 4  :: 1 5 0 3 7 8 2 6 4 > 
< 10:: 1 5 0 3 7 8 2 6 4  :: 1 5 8 3 7 0 2 6 4 > 
< 9:: 1 5 8 3 7 0 2 6 4  :: 1 5 8 3 0 7 2 6 4 > 
This is Openlist: 
This is Closelist: 
< 0:: null :: null> 
< 14:: 3 1 0 7 8 5 2 6 4  :: 3 1 5 7 8 0 2 6 4 > 
< 14:: 3 1 5 7 8 4 2 6 0  :: 3 1 5 7 8 0 2 6 4 > 
< 14:: 3 1 5 2 7 8 0 6 4  :: 3 1 5 0 7 8 2 6 4 > 
< 14:: 1 7 0 3 8 5 2 6 4  :: 1 7 5 3 8 0 2 6 4 > 
< 14:: 1 7 5 3 8 4 2 6 0  :: 1 7 5 3 8 0 2 6 4 > 
< 15:: 3 1 8 0 5 7 2 6 4  :: 0 1 8 3 5 7 2 6 4 > 
< 15:: 1 0 7 3 8 5 2 6 4  :: 1 8 7 3 0 5 2 6 4 > 
< 15:: 1 5 8 2 3 7 6 0 4  :: 1 5 8 2 3 7 0 6 4 > 
< 15:: 1 0 5 3 6 8 2 4 7  :: 1 5 0 3 6 8 2 4 7 > 
< 15:: 3 0 5 7 1 8 2 6 4  :: 3 1 5 7 0 8 2 6 4 > 
< 15:: 3 1 5 7 6 8 2 0 4  :: 3 1 5 7 0 8 2 6 4 > 
< 15:: 1 5 8 3 7 4 2 0 6  :: 1 5 8 3 7 4 2 6 0 > 
< 15:: 1 7 5 0 3 8 2 6 4  :: 1 7 5 3 0 8 2 6 4 > 
< 15:: 1 7 5 3 6 8 2 0 4  :: 1 7 5 3 0 8 2 6 4 > 
< 16:: 1 5 8 3 0 6 2 4 7  :: 1 5 8 3 6 0 2 4 7 > 
< 16:: 1 5 8 3 6 7 0 2 4  :: 1 5 8 3 6 7 2 0 4 > 
< 16:: 0 5 8 1 3 7 2 6 4  :: 1 5 8 0 3 7 2 6 4 > 
< 16:: 1 8 7 3 5 4 2 6 0  :: 1 8 7 3 5 0 2 6 4 > 
< 17:: 1 8 7 0 3 5 2 6 4  :: 1 8 7 3 0 5 2 6 4 > 
< 0:: null :: null> 
< 14:: 0 1 8 3 5 7 2 6 4  :: 1 0 8 3 5 7 2 6 4 > 
< 14:: 1 8 7 3 0 5 2 6 4  :: 1 8 7 3 5 0 2 6 4 > 
< 14:: 1 5 8 2 3 7 0 6 4  :: 1 5 8 0 3 7 2 6 4 > 
< 14:: 1 5 0 3 6 8 2 4 7  :: 1 5 8 3 6 0 2 4 7 > 
< 13:: 1 5 8 3 6 0 2 4 7  :: 1 5 8 3 6 7 2 4 0 > 
< 14:: 1 5 8 3 6 7 2 4 0  :: 1 5 8 3 6 7 2 0 4 > 
< 13:: 1 5 8 3 6 7 2 0 4  :: 1 5 8 3 0 7 2 6 4 > 
< 13:: 1 5 8 0 3 7 2 6 4  :: 1 5 8 3 0 7 2 6 4 > 
< 13:: 1 8 7 3 5 0 2 6 4  :: 1 8 0 3 5 7 2 6 4 > 
< 12:: 1 8 0 3 5 7 2 6 4  :: 1 0 8 3 5 7 2 6 4 > 
< 13:: 1 0 8 3 5 7 2 6 4  :: 1 5 8 3 0 7 2 6 4 > 
< 11:: 3 1 5 7 8 0 2 6 4  :: 3 1 5 7 0 8 2 6 4 > 
< 12:: 3 1 5 7 0 8 2 6 4  :: 3 1 5 0 7 8 2 6 4 > 
< 13:: 3 1 5 0 7 8 2 6 4  :: 0 1 5 3 7 8 2 6 4 > 
< 12:: 1 5 8 3 7 4 2 6 0  :: 1 5 8 3 7 0 2 6 4 > 
< 11:: 1 7 5 3 8 0 2 6 4  :: 1 7 5 3 0 8 2 6 4 > 
< 12:: 1 7 5 3 0 8 2 6 4  :: 1 0 5 3 7 8 2 6 4 > 
< 12:: 0 1 5 3 7 8 2 6 4  :: 1 0 5 3 7 8 2 6 4 > 
< 11:: 1 0 5 3 7 8 2 6 4  :: 1 5 0 3 7 8 2 6 4 > 
< 10:: 1 5 0 3 7 8 2 6 4  :: 1 5 8 3 7 0 2 6 4 > 
< 9:: 1 5 8 3 7 0 2 6 4  :: 1 5 8 3 0 7 2 6 4 > 
This is Openlist: 
This is Closelist: 
< 0:: null :: null> 
< 14:: 3 1 5 7 8 4 2 6 0  :: 3 1 5 7 8 0 2 6 4 > 
< 14:: 3 1 5 2 7 8 0 6 4  :: 3 1 5 0 7 8 2 6 4 > 
< 14:: 1 7 0 3 8 5 2 6 4  :: 1 7 5 3 8 0 2 6 4 > 
< 14:: 1 7 5 3 8 4 2 6 0  :: 1 7 5 3 8 0 2 6 4 > 
< 15:: 3 1 8 0 5 7 2 6 4  :: 0 1 8 3 5 7 2 6 4 > 
< 15:: 1 0 7 3 8 5 2 6 4  :: 1 8 7 3 0 5 2 6 4 > 
< 15:: 1 5 8 2 3 7 6 0 4  :: 1 5 8 2 3 7 0 6 4 > 
< 15:: 1 0 5 3 6 8 2 4 7  :: 1 5 0 3 6 8 2 4 7 > 
< 15:: 3 0 5 7 1 8 2 6 4  :: 3 1 5 7 0 8 2 6 4 > 
< 15:: 3 1 5 7 6 8 2 0 4  :: 3 1 5 7 0 8 2 6 4 > 
< 15:: 1 5 8 3 7 4 2 0 6  :: 1 5 8 3 7 4 2 6 0 > 
< 15:: 1 7 5 0 3 8 2 6 4  :: 1 7 5 3 0 8 2 6 4 > 
< 15:: 1 7 5 3 6 8 2 0 4  :: 1 7 5 3 0 8 2 6 4 > 
< 16:: 1 5 8 3 0 6 2 4 7  :: 1 5 8 3 6 0 2 4 7 > 
< 16:: 1 5 8 3 6 7 0 2 4  :: 1 5 8 3 6 7 2 0 4 > 
< 16:: 0 5 8 1 3 7 2 6 4  :: 1 5 8 0 3 7 2 6 4 > 
< 16:: 1 8 7 3 5 4 2 6 0  :: 1 8 7 3 5 0 2 6 4 > 
< 17:: 3 0 1 7 8 5 2 6 4  :: 3 1 0 7 8 5 2 6 4 > 
< 17:: 1 8 7 0 3 5 2 6 4  :: 1 8 7 3 0 5 2 6 4 > 
< 0:: null :: null> 
< 14:: 3 1 0 7 8 5 2 6 4  :: 3 1 5 7 8 0 2 6 4 > 
< 14:: 0 1 8 3 5 7 2 6 4  :: 1 0 8 3 5 7 2 6 4 > 
< 14:: 1 8 7 3 0 5 2 6 4  :: 1 8 7 3 5 0 2 6 4 > 
< 14:: 1 5 8 2 3 7 0 6 4  :: 1 5 8 0 3 7 2 6 4 > 
< 14:: 1 5 0 3 6 8 2 4 7  :: 1 5 8 3 6 0 2 4 7 > 
< 13:: 1 5 8 3 6 0 2 4 7  :: 1 5 8 3 6 7 2 4 0 > 
< 14:: 1 5 8 3 6 7 2 4 0  :: 1 5 8 3 6 7 2 0 4 > 
< 13:: 1 5 8 3 6 7 2 0 4  :: 1 5 8 3 0 7 2 6 4 > 
< 13:: 1 5 8 0 3 7 2 6 4  :: 1 5 8 3 0 7 2 6 4 > 
< 13:: 1 8 7 3 5 0 2 6 4  :: 1 8 0 3 5 7 2 6 4 > 
< 12:: 1 8 0 3 5 7 2 6 4  :: 1 0 8 3 5 7 2 6 4 > 
< 13:: 1 0 8 3 5 7 2 6 4  :: 1 5 8 3 0 7 2 6 4 > 
< 11:: 3 1 5 7 8 0 2 6 4  :: 3 1 5 7 0 8 2 6 4 > 
< 12:: 3 1 5 7 0 8 2 6 4  :: 3 1 5 0 7 8 2 6 4 > 
< 13:: 3 1 5 0 7 8 2 6 4  :: 0 1 5 3 7 8 2 6 4 > 
< 12:: 1 5 8 3 7 4 2 6 0  :: 1 5 8 3 7 0 2 6 4 > 
< 11:: 1 7 5 3 8 0 2 6 4  :: 1 7 5 3 0 8 2 6 4 > 
< 12:: 1 7 5 3 0 8 2 6 4  :: 1 0 5 3 7 8 2 6 4 > 
< 12:: 0 1 5 3 7 8 2 6 4  :: 1 0 5 3 7 8 2 6 4 > 
< 11:: 1 0 5 3 7 8 2 6 4  :: 1 5 0 3 7 8 2 6 4 > 
< 10:: 1 5 0 3 7 8 2 6 4  :: 1 5 8 3 7 0 2 6 4 > 
< 9:: 1 5 8 3 7 0 2 6 4  :: 1 5 8 3 0 7 2 6 4 > 
This is Openlist: 
This is Closelist: 
< 0:: null :: null> 
< 14:: 3 1 5 2 7 8 0 6 4  :: 3 1 5 0 7 8 2 6 4 > 
< 14:: 1 7 0 3 8 5 2 6 4  :: 1 7 5 3 8 0 2 6 4 > 
< 14:: 1 7 5 3 8 4 2 6 0  :: 1 7 5 3 8 0 2 6 4 > 
< 15:: 3 1 8 0 5 7 2 6 4  :: 0 1 8 3 5 7 2 6 4 > 
< 15:: 1 0 7 3 8 5 2 6 4  :: 1 8 7 3 0 5 2 6 4 > 
< 15:: 1 5 8 2 3 7 6 0 4  :: 1 5 8 2 3 7 0 6 4 > 
< 15:: 1 0 5 3 6 8 2 4 7  :: 1 5 0 3 6 8 2 4 7 > 
< 15:: 3 0 5 7 1 8 2 6 4  :: 3 1 5 7 0 8 2 6 4 > 
< 15:: 3 1 5 7 6 8 2 0 4  :: 3 1 5 7 0 8 2 6 4 > 
< 15:: 1 5 8 3 7 4 2 0 6  :: 1 5 8 3 7 4 2 6 0 > 
< 15:: 1 7 5 0 3 8 2 6 4  :: 1 7 5 3 0 8 2 6 4 > 
< 15:: 1 7 5 3 6 8 2 0 4  :: 1 7 5 3 0 8 2 6 4 > 
< 16:: 1 5 8 3 0 6 2 4 7  :: 1 5 8 3 6 0 2 4 7 > 
< 16:: 1 5 8 3 6 7 0 2 4  :: 1 5 8 3 6 7 2 0 4 > 
< 16:: 0 5 8 1 3 7 2 6 4  :: 1 5 8 0 3 7 2 6 4 > 
< 16:: 1 8 7 3 5 4 2 6 0  :: 1 8 7 3 5 0 2 6 4 > 
< 17:: 3 1 5 7 8 4 2 0 6  :: 3 1 5 7 8 4 2 6 0 > 
< 17:: 3 0 1 7 8 5 2 6 4  :: 3 1 0 7 8 5 2 6 4 > 
< 17:: 1 8 7 0 3 5 2 6 4  :: 1 8 7 3 0 5 2 6 4 > 
< 0:: null :: null> 
< 14:: 3 1 5 7 8 4 2 6 0  :: 3 1 5 7 8 0 2 6 4 > 
< 14:: 3 1 0 7 8 5 2 6 4  :: 3 1 5 7 8 0 2 6 4 > 
< 14:: 0 1 8 3 5 7 2 6 4  :: 1 0 8 3 5 7 2 6 4 > 
< 14:: 1 8 7 3 0 5 2 6 4  :: 1 8 7 3 5 0 2 6 4 > 
< 14:: 1 5 8 2 3 7 0 6 4  :: 1 5 8 0 3 7 2 6 4 > 
< 14:: 1 5 0 3 6 8 2 4 7  :: 1 5 8 3 6 0 2 4 7 > 
< 13:: 1 5 8 3 6 0 2 4 7  :: 1 5 8 3 6 7 2 4 0 > 
< 14:: 1 5 8 3 6 7 2 4 0  :: 1 5 8 3 6 7 2 0 4 > 
< 13:: 1 5 8 3 6 7 2 0 4  :: 1 5 8 3 0 7 2 6 4 > 
< 13:: 1 5 8 0 3 7 2 6 4  :: 1 5 8 3 0 7 2 6 4 > 
< 13:: 1 8 7 3 5 0 2 6 4  :: 1 8 0 3 5 7 2 6 4 > 
< 12:: 1 8 0 3 5 7 2 6 4  :: 1 0 8 3 5 7 2 6 4 > 
< 13:: 1 0 8 3 5 7 2 6 4  :: 1 5 8 3 0 7 2 6 4 > 
< 11:: 3 1 5 7 8 0 2 6 4  :: 3 1 5 7 0 8 2 6 4 > 
< 12:: 3 1 5 7 0 8 2 6 4  :: 3 1 5 0 7 8 2 6 4 > 
< 13:: 3 1 5 0 7 8 2 6 4  :: 0 1 5 3 7 8 2 6 4 > 
< 12:: 1 5 8 3 7 4 2 6 0  :: 1 5 8 3 7 0 2 6 4 > 
< 11:: 1 7 5 3 8 0 2 6 4  :: 1 7 5 3 0 8 2 6 4 > 
< 12:: 1 7 5 3 0 8 2 6 4  :: 1 0 5 3 7 8 2 6 4 > 
< 12:: 0 1 5 3 7 8 2 6 4  :: 1 0 5 3 7 8 2 6 4 > 
< 11:: 1 0 5 3 7 8 2 6 4  :: 1 5 0 3 7 8 2 6 4 > 
< 10:: 1 5 0 3 7 8 2 6 4  :: 1 5 8 3 7 0 2 6 4 > 
< 9:: 1 5 8 3 7 0 2 6 4  :: 1 5 8 3 0 7 2 6 4 > 
This is Openlist: 
This is Closelist: 
< 0:: null :: null> 
< 14:: 1 7 0 3 8 5 2 6 4  :: 1 7 5 3 8 0 2 6 4 > 
< 14:: 1 7 5 3 8 4 2 6 0  :: 1 7 5 3 8 0 2 6 4 > 
< 15:: 3 1 5 2 7 8 6 0 4  :: 3 1 5 2 7 8 0 6 4 > 
< 15:: 3 1 8 0 5 7 2 6 4  :: 0 1 8 3 5 7 2 6 4 > 
< 15:: 1 0 7 3 8 5 2 6 4  :: 1 8 7 3 0 5 2 6 4 > 
< 15:: 1 5 8 2 3 7 6 0 4  :: 1 5 8 2 3 7 0 6 4 > 
< 15:: 1 0 5 3 6 8 2 4 7  :: 1 5 0 3 6 8 2 4 7 > 
< 15:: 3 0 5 7 1 8 2 6 4  :: 3 1 5 7 0 8 2 6 4 > 
< 15:: 3 1 5 7 6 8 2 0 4  :: 3 1 5 7 0 8 2 6 4 > 
< 15:: 1 5 8 3 7 4 2 0 6  :: 1 5 8 3 7 4 2 6 0 > 
< 15:: 1 7 5 0 3 8 2 6 4  :: 1 7 5 3 0 8 2 6 4 > 
< 15:: 1 7 5 3 6 8 2 0 4  :: 1 7 5 3 0 8 2 6 4 > 
< 16:: 1 5 8 3 0 6 2 4 7  :: 1 5 8 3 6 0 2 4 7 > 
< 16:: 1 5 8 3 6 7 0 2 4  :: 1 5 8 3 6 7 2 0 4 > 
< 16:: 0 5 8 1 3 7 2 6 4  :: 1 5 8 0 3 7 2 6 4 > 
< 16:: 1 8 7 3 5 4 2 6 0  :: 1 8 7 3 5 0 2 6 4 > 
< 17:: 3 1 5 7 8 4 2 0 6  :: 3 1 5 7 8 4 2 6 0 > 
< 17:: 3 0 1 7 8 5 2 6 4  :: 3 1 0 7 8 5 2 6 4 > 
< 17:: 1 8 7 0 3 5 2 6 4  :: 1 8 7 3 0 5 2 6 4 > 
< 0:: null :: null> 
< 14:: 3 1 5 2 7 8 0 6 4  :: 3 1 5 0 7 8 2 6 4 > 
< 14:: 3 1 5 7 8 4 2 6 0  :: 3 1 5 7 8 0 2 6 4 > 
< 14:: 3 1 0 7 8 5 2 6 4  :: 3 1 5 7 8 0 2 6 4 > 
< 14:: 0 1 8 3 5 7 2 6 4  :: 1 0 8 3 5 7 2 6 4 > 
< 14:: 1 8 7 3 0 5 2 6 4  :: 1 8 7 3 5 0 2 6 4 > 
< 14:: 1 5 8 2 3 7 0 6 4  :: 1 5 8 0 3 7 2 6 4 > 
< 14:: 1 5 0 3 6 8 2 4 7  :: 1 5 8 3 6 0 2 4 7 > 
< 13:: 1 5 8 3 6 0 2 4 7  :: 1 5 8 3 6 7 2 4 0 > 
< 14:: 1 5 8 3 6 7 2 4 0  :: 1 5 8 3 6 7 2 0 4 > 
< 13:: 1 5 8 3 6 7 2 0 4  :: 1 5 8 3 0 7 2 6 4 > 
< 13:: 1 5 8 0 3 7 2 6 4  :: 1 5 8 3 0 7 2 6 4 > 
< 13:: 1 8 7 3 5 0 2 6 4  :: 1 8 0 3 5 7 2 6 4 > 
< 12:: 1 8 0 3 5 7 2 6 4  :: 1 0 8 3 5 7 2 6 4 > 
< 13:: 1 0 8 3 5 7 2 6 4  :: 1 5 8 3 0 7 2 6 4 > 
< 11:: 3 1 5 7 8 0 2 6 4  :: 3 1 5 7 0 8 2 6 4 > 
< 12:: 3 1 5 7 0 8 2 6 4  :: 3 1 5 0 7 8 2 6 4 > 
< 13:: 3 1 5 0 7 8 2 6 4  :: 0 1 5 3 7 8 2 6 4 > 
< 12:: 1 5 8 3 7 4 2 6 0  :: 1 5 8 3 7 0 2 6 4 > 
< 11:: 1 7 5 3 8 0 2 6 4  :: 1 7 5 3 0 8 2 6 4 > 
< 12:: 1 7 5 3 0 8 2 6 4  :: 1 0 5 3 7 8 2 6 4 > 
< 12:: 0 1 5 3 7 8 2 6 4  :: 1 0 5 3 7 8 2 6 4 > 
< 11:: 1 0 5 3 7 8 2 6 4  :: 1 5 0 3 7 8 2 6 4 > 
< 10:: 1 5 0 3 7 8 2 6 4  :: 1 5 8 3 7 0 2 6 4 > 
< 9:: 1 5 8 3 7 0 2 6 4  :: 1 5 8 3 0 7 2 6 4 > 
This is Openlist: 
This is Closelist: 
< 0:: null :: null> 
< 14:: 1 7 5 3 8 4 2 6 0  :: 1 7 5 3 8 0 2 6 4 > 
< 15:: 3 1 5 2 7 8 6 0 4  :: 3 1 5 2 7 8 0 6 4 > 
< 15:: 3 1 8 0 5 7 2 6 4  :: 0 1 8 3 5 7 2 6 4 > 
< 15:: 1 0 7 3 8 5 2 6 4  :: 1 8 7 3 0 5 2 6 4 > 
< 15:: 1 5 8 2 3 7 6 0 4  :: 1 5 8 2 3 7 0 6 4 > 
< 15:: 1 0 5 3 6 8 2 4 7  :: 1 5 0 3 6 8 2 4 7 > 
< 15:: 3 0 5 7 1 8 2 6 4  :: 3 1 5 7 0 8 2 6 4 > 
< 15:: 3 1 5 7 6 8 2 0 4  :: 3 1 5 7 0 8 2 6 4 > 
< 15:: 1 5 8 3 7 4 2 0 6  :: 1 5 8 3 7 4 2 6 0 > 
< 15:: 1 7 5 0 3 8 2 6 4  :: 1 7 5 3 0 8 2 6 4 > 
< 15:: 1 7 5 3 6 8 2 0 4  :: 1 7 5 3 0 8 2 6 4 > 
< 16:: 1 5 8 3 0 6 2 4 7  :: 1 5 8 3 6 0 2 4 7 > 
< 16:: 1 5 8 3 6 7 0 2 4  :: 1 5 8 3 6 7 2 0 4 > 
< 16:: 0 5 8 1 3 7 2 6 4  :: 1 5 8 0 3 7 2 6 4 > 
< 16:: 1 8 7 3 5 4 2 6 0  :: 1 8 7 3 5 0 2 6 4 > 
< 17:: 3 1 5 7 8 4 2 0 6  :: 3 1 5 7 8 4 2 6 0 > 
< 17:: 3 0 1 7 8 5 2 6 4  :: 3 1 0 7 8 5 2 6 4 > 
< 17:: 1 8 7 0 3 5 2 6 4  :: 1 8 7 3 0 5 2 6 4 > 
< 0:: null :: null> 
< 14:: 1 7 0 3 8 5 2 6 4  :: 1 7 5 3 8 0 2 6 4 > 
< 14:: 3 1 5 2 7 8 0 6 4  :: 3 1 5 0 7 8 2 6 4 > 
< 14:: 3 1 5 7 8 4 2 6 0  :: 3 1 5 7 8 0 2 6 4 > 
< 14:: 3 1 0 7 8 5 2 6 4  :: 3 1 5 7 8 0 2 6 4 > 
< 14:: 0 1 8 3 5 7 2 6 4  :: 1 0 8 3 5 7 2 6 4 > 
< 14:: 1 8 7 3 0 5 2 6 4  :: 1 8 7 3 5 0 2 6 4 > 
< 14:: 1 5 8 2 3 7 0 6 4  :: 1 5 8 0 3 7 2 6 4 > 
< 14:: 1 5 0 3 6 8 2 4 7  :: 1 5 8 3 6 0 2 4 7 > 
< 13:: 1 5 8 3 6 0 2 4 7  :: 1 5 8 3 6 7 2 4 0 > 
< 14:: 1 5 8 3 6 7 2 4 0  :: 1 5 8 3 6 7 2 0 4 > 
< 13:: 1 5 8 3 6 7 2 0 4  :: 1 5 8 3 0 7 2 6 4 > 
< 13:: 1 5 8 0 3 7 2 6 4  :: 1 5 8 3 0 7 2 6 4 > 
< 13:: 1 8 7 3 5 0 2 6 4  :: 1 8 0 3 5 7 2 6 4 > 
< 12:: 1 8 0 3 5 7 2 6 4  :: 1 0 8 3 5 7 2 6 4 > 
< 13:: 1 0 8 3 5 7 2 6 4  :: 1 5 8 3 0 7 2 6 4 > 
< 11:: 3 1 5 7 8 0 2 6 4  :: 3 1 5 7 0 8 2 6 4 > 
< 12:: 3 1 5 7 0 8 2 6 4  :: 3 1 5 0 7 8 2 6 4 > 
< 13:: 3 1 5 0 7 8 2 6 4  :: 0 1 5 3 7 8 2 6 4 > 
< 12:: 1 5 8 3 7 4 2 6 0  :: 1 5 8 3 7 0 2 6 4 > 
< 11:: 1 7 5 3 8 0 2 6 4  :: 1 7 5 3 0 8 2 6 4 > 
< 12:: 1 7 5 3 0 8 2 6 4  :: 1 0 5 3 7 8 2 6 4 > 
< 12:: 0 1 5 3 7 8 2 6 4  :: 1 0 5 3 7 8 2 6 4 > 
< 11:: 1 0 5 3 7 8 2 6 4  :: 1 5 0 3 7 8 2 6 4 > 
< 10:: 1 5 0 3 7 8 2 6 4  :: 1 5 8 3 7 0 2 6 4 > 
< 9:: 1 5 8 3 7 0 2 6 4  :: 1 5 8 3 0 7 2 6 4 > 
This is Openlist: 
This is Closelist: 
< 0:: null :: null> 
< 15:: 3 1 5 2 7 8 6 0 4  :: 3 1 5 2 7 8 0 6 4 > 
< 15:: 3 1 8 0 5 7 2 6 4  :: 0 1 8 3 5 7 2 6 4 > 
< 15:: 1 0 7 3 8 5 2 6 4  :: 1 8 7 3 0 5 2 6 4 > 
< 15:: 1 5 8 2 3 7 6 0 4  :: 1 5 8 2 3 7 0 6 4 > 
< 15:: 1 0 5 3 6 8 2 4 7  :: 1 5 0 3 6 8 2 4 7 > 
< 15:: 3 0 5 7 1 8 2 6 4  :: 3 1 5 7 0 8 2 6 4 > 
< 15:: 3 1 5 7 6 8 2 0 4  :: 3 1 5 7 0 8 2 6 4 > 
< 15:: 1 5 8 3 7 4 2 0 6  :: 1 5 8 3 7 4 2 6 0 > 
< 15:: 1 7 5 0 3 8 2 6 4  :: 1 7 5 3 0 8 2 6 4 > 
< 15:: 1 7 5 3 6 8 2 0 4  :: 1 7 5 3 0 8 2 6 4 > 
< 16:: 1 5 8 3 0 6 2 4 7  :: 1 5 8 3 6 0 2 4 7 > 
< 16:: 1 5 8 3 6 7 0 2 4  :: 1 5 8 3 6 7 2 0 4 > 
< 16:: 0 5 8 1 3 7 2 6 4  :: 1 5 8 0 3 7 2 6 4 > 
< 16:: 1 8 7 3 5 4 2 6 0  :: 1 8 7 3 5 0 2 6 4 > 
< 17:: 1 7 5 3 8 4 2 0 6  :: 1 7 5 3 8 4 2 6 0 > 
< 17:: 3 1 5 7 8 4 2 0 6  :: 3 1 5 7 8 4 2 6 0 > 
< 17:: 3 0 1 7 8 5 2 6 4  :: 3 1 0 7 8 5 2 6 4 > 
< 17:: 1 8 7 0 3 5 2 6 4  :: 1 8 7 3 0 5 2 6 4 > 
< 0:: null :: null> 
< 14:: 1 7 5 3 8 4 2 6 0  :: 1 7 5 3 8 0 2 6 4 > 
< 14:: 1 7 0 3 8 5 2 6 4  :: 1 7 5 3 8 0 2 6 4 > 
< 14:: 3 1 5 2 7 8 0 6 4  :: 3 1 5 0 7 8 2 6 4 > 
< 14:: 3 1 5 7 8 4 2 6 0  :: 3 1 5 7 8 0 2 6 4 > 
< 14:: 3 1 0 7 8 5 2 6 4  :: 3 1 5 7 8 0 2 6 4 > 
< 14:: 0 1 8 3 5 7 2 6 4  :: 1 0 8 3 5 7 2 6 4 > 
< 14:: 1 8 7 3 0 5 2 6 4  :: 1 8 7 3 5 0 2 6 4 > 
< 14:: 1 5 8 2 3 7 0 6 4  :: 1 5 8 0 3 7 2 6 4 > 
< 14:: 1 5 0 3 6 8 2 4 7  :: 1 5 8 3 6 0 2 4 7 > 
< 13:: 1 5 8 3 6 0 2 4 7  :: 1 5 8 3 6 7 2 4 0 > 
< 14:: 1 5 8 3 6 7 2 4 0  :: 1 5 8 3 6 7 2 0 4 > 
< 13:: 1 5 8 3 6 7 2 0 4  :: 1 5 8 3 0 7 2 6 4 > 
< 13:: 1 5 8 0 3 7 2 6 4  :: 1 5 8 3 0 7 2 6 4 > 
< 13:: 1 8 7 3 5 0 2 6 4  :: 1 8 0 3 5 7 2 6 4 > 
< 12:: 1 8 0 3 5 7 2 6 4  :: 1 0 8 3 5 7 2 6 4 > 
< 13:: 1 0 8 3 5 7 2 6 4  :: 1 5 8 3 0 7 2 6 4 > 
< 11:: 3 1 5 7 8 0 2 6 4  :: 3 1 5 7 0 8 2 6 4 > 
< 12:: 3 1 5 7 0 8 2 6 4  :: 3 1 5 0 7 8 2 6 4 > 
< 13:: 3 1 5 0 7 8 2 6 4  :: 0 1 5 3 7 8 2 6 4 > 
< 12:: 1 5 8 3 7 4 2 6 0  :: 1 5 8 3 7 0 2 6 4 > 
< 11:: 1 7 5 3 8 0 2 6 4  :: 1 7 5 3 0 8 2 6 4 > 
< 12:: 1 7 5 3 0 8 2 6 4  :: 1 0 5 3 7 8 2 6 4 > 
< 12:: 0 1 5 3 7 8 2 6 4  :: 1 0 5 3 7 8 2 6 4 > 
< 11:: 1 0 5 3 7 8 2 6 4  :: 1 5 0 3 7 8 2 6 4 > 
< 10:: 1 5 0 3 7 8 2 6 4  :: 1 5 8 3 7 0 2 6 4 > 
< 9:: 1 5 8 3 7 0 2 6 4  :: 1 5 8 3 0 7 2 6 4 > 
This is Openlist: 
This is Closelist: 
< 0:: null :: null> 
< 14:: 3 1 5 2 0 8 6 7 4  :: 3 1 5 2 7 8 6 0 4 > 
< 15:: 3 1 8 0 5 7 2 6 4  :: 0 1 8 3 5 7 2 6 4 > 
< 15:: 1 0 7 3 8 5 2 6 4  :: 1 8 7 3 0 5 2 6 4 > 
< 15:: 1 5 8 2 3 7 6 0 4  :: 1 5 8 2 3 7 0 6 4 > 
< 15:: 1 0 5 3 6 8 2 4 7  :: 1 5 0 3 6 8 2 4 7 > 
< 15:: 3 0 5 7 1 8 2 6 4  :: 3 1 5 7 0 8 2 6 4 > 
< 15:: 3 1 5 7 6 8 2 0 4  :: 3 1 5 7 0 8 2 6 4 > 
< 15:: 1 5 8 3 7 4 2 0 6  :: 1 5 8 3 7 4 2 6 0 > 
< 15:: 1 7 5 0 3 8 2 6 4  :: 1 7 5 3 0 8 2 6 4 > 
< 15:: 1 7 5 3 6 8 2 0 4  :: 1 7 5 3 0 8 2 6 4 > 
< 16:: 3 1 5 2 7 8 6 4 0  :: 3 1 5 2 7 8 6 0 4 > 
< 16:: 1 5 8 3 0 6 2 4 7  :: 1 5 8 3 6 0 2 4 7 > 
< 16:: 1 5 8 3 6 7 0 2 4  :: 1 5 8 3 6 7 2 0 4 > 
< 16:: 0 5 8 1 3 7 2 6 4  :: 1 5 8 0 3 7 2 6 4 > 
< 16:: 1 8 7 3 5 4 2 6 0  :: 1 8 7 3 5 0 2 6 4 > 
< 17:: 1 7 5 3 8 4 2 0 6  :: 1 7 5 3 8 4 2 6 0 > 
< 17:: 3 1 5 7 8 4 2 0 6  :: 3 1 5 7 8 4 2 6 0 > 
< 17:: 3 0 1 7 8 5 2 6 4  :: 3 1 0 7 8 5 2 6 4 > 
< 17:: 1 8 7 0 3 5 2 6 4  :: 1 8 7 3 0 5 2 6 4 > 
< 0:: null :: null> 
< 15:: 3 1 5 2 7 8 6 0 4  :: 3 1 5 2 7 8 0 6 4 > 
< 14:: 1 7 5 3 8 4 2 6 0  :: 1 7 5 3 8 0 2 6 4 > 
< 14:: 1 7 0 3 8 5 2 6 4  :: 1 7 5 3 8 0 2 6 4 > 
< 14:: 3 1 5 2 7 8 0 6 4  :: 3 1 5 0 7 8 2 6 4 > 
< 14:: 3 1 5 7 8 4 2 6 0  :: 3 1 5 7 8 0 2 6 4 > 
< 14:: 3 1 0 7 8 5 2 6 4  :: 3 1 5 7 8 0 2 6 4 > 
< 14:: 0 1 8 3 5 7 2 6 4  :: 1 0 8 3 5 7 2 6 4 > 
< 14:: 1 8 7 3 0 5 2 6 4  :: 1 8 7 3 5 0 2 6 4 > 
< 14:: 1 5 8 2 3 7 0 6 4  :: 1 5 8 0 3 7 2 6 4 > 
< 14:: 1 5 0 3 6 8 2 4 7  :: 1 5 8 3 6 0 2 4 7 > 
< 13:: 1 5 8 3 6 0 2 4 7  :: 1 5 8 3 6 7 2 4 0 > 
< 14:: 1 5 8 3 6 7 2 4 0  :: 1 5 8 3 6 7 2 0 4 > 
< 13:: 1 5 8 3 6 7 2 0 4  :: 1 5 8 3 0 7 2 6 4 > 
< 13:: 1 5 8 0 3 7 2 6 4  :: 1 5 8 3 0 7 2 6 4 > 
< 13:: 1 8 7 3 5 0 2 6 4  :: 1 8 0 3 5 7 2 6 4 > 
< 12:: 1 8 0 3 5 7 2 6 4  :: 1 0 8 3 5 7 2 6 4 > 
< 13:: 1 0 8 3 5 7 2 6 4  :: 1 5 8 3 0 7 2 6 4 > 
< 11:: 3 1 5 7 8 0 2 6 4  :: 3 1 5 7 0 8 2 6 4 > 
< 12:: 3 1 5 7 0 8 2 6 4  :: 3 1 5 0 7 8 2 6 4 > 
< 13:: 3 1 5 0 7 8 2 6 4  :: 0 1 5 3 7 8 2 6 4 > 
< 12:: 1 5 8 3 7 4 2 6 0  :: 1 5 8 3 7 0 2 6 4 > 
< 11:: 1 7 5 3 8 0 2 6 4  :: 1 7 5 3 0 8 2 6 4 > 
< 12:: 1 7 5 3 0 8 2 6 4  :: 1 0 5 3 7 8 2 6 4 > 
< 12:: 0 1 5 3 7 8 2 6 4  :: 1 0 5 3 7 8 2 6 4 > 
< 11:: 1 0 5 3 7 8 2 6 4  :: 1 5 0 3 7 8 2 6 4 > 
< 10:: 1 5 0 3 7 8 2 6 4  :: 1 5 8 3 7 0 2 6 4 > 
< 9:: 1 5 8 3 7 0 2 6 4  :: 1 5 8 3 0 7 2 6 4 > 
This is Openlist: 
This is Closelist: 
< 0:: null :: null> 
< 13:: 3 1 5 2 8 0 6 7 4  :: 3 1 5 2 0 8 6 7 4 > 
< 15:: 3 1 8 0 5 7 2 6 4  :: 0 1 8 3 5 7 2 6 4 > 
< 15:: 1 0 7 3 8 5 2 6 4  :: 1 8 7 3 0 5 2 6 4 > 
< 15:: 1 5 8 2 3 7 6 0 4  :: 1 5 8 2 3 7 0 6 4 > 
< 15:: 1 0 5 3 6 8 2 4 7  :: 1 5 0 3 6 8 2 4 7 > 
< 15:: 3 0 5 7 1 8 2 6 4  :: 3 1 5 7 0 8 2 6 4 > 
< 15:: 3 1 5 7 6 8 2 0 4  :: 3 1 5 7 0 8 2 6 4 > 
< 15:: 1 5 8 3 7 4 2 0 6  :: 1 5 8 3 7 4 2 6 0 > 
< 15:: 1 7 5 0 3 8 2 6 4  :: 1 7 5 3 0 8 2 6 4 > 
< 15:: 1 7 5 3 6 8 2 0 4  :: 1 7 5 3 0 8 2 6 4 > 
< 16:: 3 1 5 2 7 8 6 4 0  :: 3 1 5 2 7 8 6 0 4 > 
< 16:: 1 5 8 3 0 6 2 4 7  :: 1 5 8 3 6 0 2 4 7 > 
< 16:: 1 5 8 3 6 7 0 2 4  :: 1 5 8 3 6 7 2 0 4 > 
< 16:: 0 5 8 1 3 7 2 6 4  :: 1 5 8 0 3 7 2 6 4 > 
< 16:: 1 8 7 3 5 4 2 6 0  :: 1 8 7 3 5 0 2 6 4 > 
< 17:: 3 0 5 2 1 8 6 7 4  :: 3 1 5 2 0 8 6 7 4 > 
< 17:: 3 1 5 0 2 8 6 7 4  :: 3 1 5 2 0 8 6 7 4 > 
< 17:: 1 7 5 3 8 4 2 0 6  :: 1 7 5 3 8 4 2 6 0 > 
< 17:: 3 1 5 7 8 4 2 0 6  :: 3 1 5 7 8 4 2 6 0 > 
< 17:: 3 0 1 7 8 5 2 6 4  :: 3 1 0 7 8 5 2 6 4 > 
< 17:: 1 8 7 0 3 5 2 6 4  :: 1 8 7 3 0 5 2 6 4 > 
< 0:: null :: null> 
< 14:: 3 1 5 2 0 8 6 7 4  :: 3 1 5 2 7 8 6 0 4 > 
< 15:: 3 1 5 2 7 8 6 0 4  :: 3 1 5 2 7 8 0 6 4 > 
< 14:: 1 7 5 3 8 4 2 6 0  :: 1 7 5 3 8 0 2 6 4 > 
< 14:: 1 7 0 3 8 5 2 6 4  :: 1 7 5 3 8 0 2 6 4 > 
< 14:: 3 1 5 2 7 8 0 6 4  :: 3 1 5 0 7 8 2 6 4 > 
< 14:: 3 1 5 7 8 4 2 6 0  :: 3 1 5 7 8 0 2 6 4 > 
< 14:: 3 1 0 7 8 5 2 6 4  :: 3 1 5 7 8 0 2 6 4 > 
< 14:: 0 1 8 3 5 7 2 6 4  :: 1 0 8 3 5 7 2 6 4 > 
< 14:: 1 8 7 3 0 5 2 6 4  :: 1 8 7 3 5 0 2 6 4 > 
< 14:: 1 5 8 2 3 7 0 6 4  :: 1 5 8 0 3 7 2 6 4 > 
< 14:: 1 5 0 3 6 8 2 4 7  :: 1 5 8 3 6 0 2 4 7 > 
< 13:: 1 5 8 3 6 0 2 4 7  :: 1 5 8 3 6 7 2 4 0 > 
< 14:: 1 5 8 3 6 7 2 4 0  :: 1 5 8 3 6 7 2 0 4 > 
< 13:: 1 5 8 3 6 7 2 0 4  :: 1 5 8 3 0 7 2 6 4 > 
< 13:: 1 5 8 0 3 7 2 6 4  :: 1 5 8 3 0 7 2 6 4 > 
< 13:: 1 8 7 3 5 0 2 6 4  :: 1 8 0 3 5 7 2 6 4 > 
< 12:: 1 8 0 3 5 7 2 6 4  :: 1 0 8 3 5 7 2 6 4 > 
< 13:: 1 0 8 3 5 7 2 6 4  :: 1 5 8 3 0 7 2 6 4 > 
< 11:: 3 1 5 7 8 0 2 6 4  :: 3 1 5 7 0 8 2 6 4 > 
< 12:: 3 1 5 7 0 8 2 6 4  :: 3 1 5 0 7 8 2 6 4 > 
< 13:: 3 1 5 0 7 8 2 6 4  :: 0 1 5 3 7 8 2 6 4 > 
< 12:: 1 5 8 3 7 4 2 6 0  :: 1 5 8 3 7 0 2 6 4 > 
< 11:: 1 7 5 3 8 0 2 6 4  :: 1 7 5 3 0 8 2 6 4 > 
< 12:: 1 7 5 3 0 8 2 6 4  :: 1 0 5 3 7 8 2 6 4 > 
< 12:: 0 1 5 3 7 8 2 6 4  :: 1 0 5 3 7 8 2 6 4 > 
< 11:: 1 0 5 3 7 8 2 6 4  :: 1 5 0 3 7 8 2 6 4 > 
< 10:: 1 5 0 3 7 8 2 6 4  :: 1 5 8 3 7 0 2 6 4 > 
< 9:: 1 5 8 3 7 0 2 6 4  :: 1 5 8 3 0 7 2 6 4 > 
This is Openlist: 
This is Closelist: 
< 0:: null :: null> 
< 15:: 3 1 8 0 5 7 2 6 4  :: 0 1 8 3 5 7 2 6 4 > 
< 15:: 1 0 7 3 8 5 2 6 4  :: 1 8 7 3 0 5 2 6 4 > 
< 15:: 1 5 8 2 3 7 6 0 4  :: 1 5 8 2 3 7 0 6 4 > 
< 15:: 1 0 5 3 6 8 2 4 7  :: 1 5 0 3 6 8 2 4 7 > 
< 15:: 3 0 5 7 1 8 2 6 4  :: 3 1 5 7 0 8 2 6 4 > 
< 15:: 3 1 5 7 6 8 2 0 4  :: 3 1 5 7 0 8 2 6 4 > 
< 15:: 1 5 8 3 7 4 2 0 6  :: 1 5 8 3 7 4 2 6 0 > 
< 15:: 1 7 5 0 3 8 2 6 4  :: 1 7 5 3 0 8 2 6 4 > 
< 15:: 1 7 5 3 6 8 2 0 4  :: 1 7 5 3 0 8 2 6 4 > 
< 16:: 3 1 0 2 8 5 6 7 4  :: 3 1 5 2 8 0 6 7 4 > 
< 16:: 3 1 5 2 8 4 6 7 0  :: 3 1 5 2 8 0 6 7 4 > 
< 16:: 3 1 5 2 7 8 6 4 0  :: 3 1 5 2 7 8 6 0 4 > 
< 16:: 1 5 8 3 0 6 2 4 7  :: 1 5 8 3 6 0 2 4 7 > 
< 16:: 1 5 8 3 6 7 0 2 4  :: 1 5 8 3 6 7 2 0 4 > 
< 16:: 0 5 8 1 3 7 2 6 4  :: 1 5 8 0 3 7 2 6 4 > 
< 16:: 1 8 7 3 5 4 2 6 0  :: 1 8 7 3 5 0 2 6 4 > 
< 17:: 3 0 5 2 1 8 6 7 4  :: 3 1 5 2 0 8 6 7 4 > 
< 17:: 3 1 5 0 2 8 6 7 4  :: 3 1 5 2 0 8 6 7 4 > 
< 17:: 1 7 5 3 8 4 2 0 6  :: 1 7 5 3 8 4 2 6 0 > 
< 17:: 3 1 5 7 8 4 2 0 6  :: 3 1 5 7 8 4 2 6 0 > 
< 17:: 3 0 1 7 8 5 2 6 4  :: 3 1 0 7 8 5 2 6 4 > 
< 17:: 1 8 7 0 3 5 2 6 4  :: 1 8 7 3 0 5 2 6 4 > 
< 0:: null :: null> 
< 13:: 3 1 5 2 8 0 6 7 4  :: 3 1 5 2 0 8 6 7 4 > 
< 14:: 3 1 5 2 0 8 6 7 4  :: 3 1 5 2 7 8 6 0 4 > 
< 15:: 3 1 5 2 7 8 6 0 4  :: 3 1 5 2 7 8 0 6 4 > 
< 14:: 1 7 5 3 8 4 2 6 0  :: 1 7 5 3 8 0 2 6 4 > 
< 14:: 1 7 0 3 8 5 2 6 4  :: 1 7 5 3 8 0 2 6 4 > 
< 14:: 3 1 5 2 7 8 0 6 4  :: 3 1 5 0 7 8 2 6 4 > 
< 14:: 3 1 5 7 8 4 2 6 0  :: 3 1 5 7 8 0 2 6 4 > 
< 14:: 3 1 0 7 8 5 2 6 4  :: 3 1 5 7 8 0 2 6 4 > 
< 14:: 0 1 8 3 5 7 2 6 4  :: 1 0 8 3 5 7 2 6 4 > 
< 14:: 1 8 7 3 0 5 2 6 4  :: 1 8 7 3 5 0 2 6 4 > 
< 14:: 1 5 8 2 3 7 0 6 4  :: 1 5 8 0 3 7 2 6 4 > 
< 14:: 1 5 0 3 6 8 2 4 7  :: 1 5 8 3 6 0 2 4 7 > 
< 13:: 1 5 8 3 6 0 2 4 7  :: 1 5 8 3 6 7 2 4 0 > 
< 14:: 1 5 8 3 6 7 2 4 0  :: 1 5 8 3 6 7 2 0 4 > 
< 13:: 1 5 8 3 6 7 2 0 4  :: 1 5 8 3 0 7 2 6 4 > 
< 13:: 1 5 8 0 3 7 2 6 4  :: 1 5 8 3 0 7 2 6 4 > 
< 13:: 1 8 7 3 5 0 2 6 4  :: 1 8 0 3 5 7 2 6 4 > 
< 12:: 1 8 0 3 5 7 2 6 4  :: 1 0 8 3 5 7 2 6 4 > 
< 13:: 1 0 8 3 5 7 2 6 4  :: 1 5 8 3 0 7 2 6 4 > 
< 11:: 3 1 5 7 8 0 2 6 4  :: 3 1 5 7 0 8 2 6 4 > 
< 12:: 3 1 5 7 0 8 2 6 4  :: 3 1 5 0 7 8 2 6 4 > 
< 13:: 3 1 5 0 7 8 2 6 4  :: 0 1 5 3 7 8 2 6 4 > 
< 12:: 1 5 8 3 7 4 2 6 0  :: 1 5 8 3 7 0 2 6 4 > 
< 11:: 1 7 5 3 8 0 2 6 4  :: 1 7 5 3 0 8 2 6 4 > 
< 12:: 1 7 5 3 0 8 2 6 4  :: 1 0 5 3 7 8 2 6 4 > 
< 12:: 0 1 5 3 7 8 2 6 4  :: 1 0 5 3 7 8 2 6 4 > 
< 11:: 1 0 5 3 7 8 2 6 4  :: 1 5 0 3 7 8 2 6 4 > 
< 10:: 1 5 0 3 7 8 2 6 4  :: 1 5 8 3 7 0 2 6 4 > 
< 9:: 1 5 8 3 7 0 2 6 4  :: 1 5 8 3 0 7 2 6 4 > 
This is Openlist: 
This is Closelist: 
